1
9
0.02
> tan hyperbolic
:{-5.44302,32.5978,8.06075,-7.98456,-39.0061,12.0628,-25.3415,-13.2968,7.54111}-10.542
:{1.83436,-3.33676,-3.91574,-2.17012,8.32044,-8.10231,-0.750485,13.4758,-5.25948}-5.5911
:{-16.6121,-1.43094,5.30535,5.35434,2.27377,-5.42281,-2.01823,1.1628,1.78551}-14.5192
:{-1.28749,4.65135,-4.01934,-0.131304,-7.51461,-1.75219,-7.84809,-1.54158,-8.31351}-15.816
:{5.22248,11.1713,9.33435,-6.79835,15.0013,2.517,-12.6249,-16.8375,2.1758}5.27262
:{-17.2721,-5.60934,-6.56725,13.0575,11.0814,10.4724,-8.27793,-2.78321,-5.0447}-7.89138
:{34.2481,-9.6897,5.64768,-0.358711,24.8457,-6.50016,-4.35685,-13.6455,-8.12833}3.90778
:{-22.6443,-9.73797,9.91966,-18.3635,28.8455,2.47527,4.88996,3.16233,19.5919}1.85264
:{-21.7127,-25.6534,1.3027,3.31234,18.978,8.10265,24.6298,-9.99533,19.3757}7.72055

> tan hyperbolic
:{0.240337,-0.213261,-0.134854,-0.0147248,-0.481542,0.052586,-0.127768,-0.0112721,-0.190599}-0.0880227
:{-0.271219,-0.120898,-0.54106,-0.245643,0.192193,-0.158169,-0.0622137,0.174339,0.227232}-0.221475
:{0.13641,-0.114821,0.145664,0.114026,-0.0389746,-0.0200507,-0.083708,-0.127066,-0.113093}0.0216127
:{-0.0524096,-0.276635,-0.0349403,-0.134284,-0.179939,-0.143178,0.331056,-0.212965,0.495163}0.187458
:{-0.246424,-0.0716369,-0.0581919,0.0433507,-0.418842,-0.118236,-0.0975445,-0.553507,-0.0805799}-0.0495458
:{-0.99123,-0.474322,0.632882,-0.196575,1.33375,1.00375,0.810521,0.440901,-0.211926}0.943921
:{0.186928,-0.167369,-0.274613,-0.00527878,-0.000193968,0.0478789,-0.259486,0.0609814,-0.0748361}-0.31753
:{-0.282318,0.0099733,-0.0188722,-0.0657438,-0.0976623,-0.408742,0.0201098,0.243105,-0.00993597}0.172739
:{-0.0376225,0.0111968,0.41321,0.0770503,-0.153942,-0.239521,-0.337744,-0.427272,-0.297021}0.323862
:{0.316582,-0.632316,0.203122,-0.102852,0.288682,-0.721986,0.225821,-0.0294169,0.574991}0.610904
:{-3.01179,1.43543,1.77923,-5.10386,-0.492684,1.88155,-0.427425,3.30129,3.73598}0.518387
:{-0.0875461,-0.210502,-0.0969472,-0.0476594,0.0407744,-0.134876,0.00130774,-0.252619,0.144005}-0.00313908
:{-0.276248,0.685017,-0.0246482,0.168252,0.0626768,-0.590627,-0.130829,0.459363,-0.0653296}0.796363
:{-0.161317,-0.172698,-0.505802,0.086868,-0.204968,0.316059,-0.0141032,-0.454999,-0.0497282}-0.447289
:{-3.72087,3.80422,-1.71584,-5.24291,-0.0730042,-2.38426,6.12307,-5.48354,-1.91493}4.02273
:{-0.204122,0.257598,0.1946,-0.0614582,0.00862827,-0.320013,0.0600261,0.376489,-0.112734}0.72472

> tan hyperbolic
:{-0.0412547,0.284369,-0.127497,-0.0562464,-0.0876098,-0.062631,-0.021997,0.24089,0.0313254,-0.0194949,0.0984853,-0.0831142,0.276689,-0.199396,-0.0362306,0.0935704}0.0341419
:{-0.114055,-0.106886,-0.0293067,-0.107907,-0.220265,-0.303845,0.0358701,-0.123832,-0.0580681,0.295212,0.168973,-0.136659,0.140528,-0.124578,-0.0215084,0.00478879}0.148742
:{-0.00664025,-0.0819207,0.00652373,0.165631,0.263869,-0.0410589,-0.131939,0.0448682,0.162297,-0.194556,0.239249,-0.0174647,0.0890883,0.00409011,-0.0246442,0.168895}-0.0269356
:{-0.0285281,-0.0439549,0.0784697,0.0880876,0.206303,-0.0866654,0.0354876,0.0864099,0.274569,0.0212843,-0.191496,0.246935,-0.0727529,0.014483,0.0402682,0.113565}-0.0672904
:{0.0576821,0.132854,-0.0878583,0.104458,-0.111888,-0.0183168,0.108199,-0.036904,-0.27681,-0.0885378,0.101097,0.00520406,-0.0795915,0.0605643,-0.0190312,-0.0585788}-0.0144593
:{0.318247,0.0108847,0.108785,-0.103957,0.145487,-0.190775,0.158018,0.0158619,0.247116,0.0640908,-0.160901,-0.0511422,-0.258405,-0.0202267,-0.0399776,0.0034284}-0.0337478
:{0.0421673,0.0336916,-0.0234638,-0.102075,0.0300202,0.203257,0.0598525,-0.0752143,0.12528,-0.0368877,0.0230211,-0.0230197,-0.251501,-0.0191198,0.234472,-0.185724}0.0694819
:{0.0440086,-0.113131,-0.0737498,0.0482466,0.232802,-0.0228468,-0.0861096,-0.0929146,0.0982032,-0.172444,-0.311566,-0.0207749,-0.346925,0.232093,-0.0702616,-0.132741}0.0241945
:{-0.16803,0.0554863,-0.142982,0.257193,0.0209735,0.147758,-0.140865,0.0976493,-0.105005,0.146148,-0.042135,-0.00586281,0.0148792,0.0221063,-0.113302,0.0184133}0.0325038

> tan hyperbolic
:{0.144085,0.0684541,-0.0916662,-0.286945,0.132098,-0.338961,-0.0747454,-0.23348,0.125059}-0.419197

