1
4
> tan hyperbolic
:{-14.072918,4.444796,10.003030,0.654052,-45.327976,35.816249,-30.401997,9.735516,-2.817087}15.953753
:{-6.669417,-15.516180,35.309096,-27.798685,41.723409,-7.243696,-21.091801,-15.839647,47.642419}-18.759067
:{-8.531998,18.278774,-22.593944,36.236744,-16.797794,34.904278,-27.485420,-12.953868,-45.762228}-25.478858
:{12.552042,-18.195172,1.530026,-13.020465,70.774871,-5.666431,33.111760,-31.304962,-7.145040}-13.256942
:{12.724395,-10.136677,0.331027,-16.512928,35.672704,-37.654565,15.544379,-1.609098,22.525643}-11.744796
:{21.373566,34.101772,2.247192,-25.485059,-5.312637,-9.140969,-26.966611,-7.717810,16.479295}1.547482
:{9.708345,-26.269689,34.564928,-27.228097,21.804149,40.364708,11.086525,-21.469109,-15.724179}15.559659
:{-8.458431,5.456587,-10.759317,3.080356,-17.242536,-5.285536,-6.557969,4.736546,-9.641738}-29.158165
:{12.290772,5.190125,-8.172338,6.594270,43.979007,-18.104993,16.855501,-9.183728,0.050752}35.522303

> tan hyperbolic
:{0.359016,0.075876,-0.063949,0.320442,-0.260012,-0.178794,0.377744,0.104987,0.169432}0.431821
:{0.059076,-0.935747,-0.062552,-0.370912,0.041400,0.216584,0.069768,-0.401037,0.223356}-0.514764
:{0.014152,-0.162186,-0.254031,-0.009692,0.219240,-0.078474,0.289579,0.056047,0.022943}0.092934
:{0.033305,0.056939,0.006817,-0.040143,0.003483,-0.000644,0.011751,-0.126197,0.042342}0.094331
:{0.064472,-0.391648,-0.071794,0.151486,-0.296772,-0.220296,-0.404681,0.255711,-0.143893}-0.669778
:{0.152375,0.041144,0.020132,-0.152692,-0.076916,-0.338536,0.150295,0.348297,-0.069112}0.162133
:{-0.084791,0.074165,-0.000066,0.346498,-0.060220,-0.335814,0.231646,-0.224447,-0.343565}0.344025
:{0.059016,-0.152507,-0.184987,0.311082,-0.478005,0.347941,0.130464,0.233067,-0.307663}0.441407
:{0.141246,0.057392,0.058332,-0.078934,0.003175,-0.421609,-0.151873,0.025968,-0.119573}-0.071334
:{-0.056754,0.093041,0.219437,-0.071623,-0.114039,-0.198914,0.023659,-0.145112,-0.180093}0.350716
:{0.206122,-0.545347,0.282412,-0.021355,0.223328,-0.172275,-0.580578,0.392683,0.049187}-0.090777
:{-2.821803,-0.856135,1.906061,2.602573,-0.783041,-0.065930,-2.110115,0.182731,3.045203}1.161371
:{0.217163,-0.148241,-0.177104,0.206948,0.095803,-0.620452,0.139730,-0.032707,0.111902}0.304240
:{-0.057935,-0.730643,0.462182,0.313135,-0.250271,0.130992,0.186666,0.124368,0.108781}-0.385111
:{0.169502,-0.390560,0.015712,-0.121943,0.042109,0.209408,0.108735,0.009973,-0.071247}0.047329
:{-1.590380,-0.194121,0.883140,-1.635838,0.505737,-0.935369,-1.486236,3.749650,1.921289}-1.885900

> tan hyperbolic
:{-0.201751,0.018249,0.002694,0.017272,-0.067674,-0.126040,-0.129457,0.142564,-0.190475,-0.041728,0.047698,-0.131557,-0.118953,-0.101711,0.018420,0.258521}-0.067187
:{-0.135854,0.207491,0.032012,0.049496,-0.134346,0.093985,-0.041431,-0.031196,-0.002951,-0.080515,-0.012209,-0.290468,-0.242426,0.224463,0.154962,-0.401792}-0.044054
:{0.055251,-0.009740,-0.082403,-0.033005,0.086498,0.038746,-0.153491,0.073995,0.004010,0.113379,0.069116,-0.056796,0.050725,0.140458,0.165056,0.018104}-0.055274
:{0.116538,0.216744,0.103065,0.025841,-0.136439,-0.039488,-0.071427,0.172187,-0.150372,-0.122726,-0.079051,0.088517,0.006413,-0.034963,0.147146,0.022053}0.078877
:{0.089586,0.072116,0.177365,0.054449,-0.229574,-0.043463,0.230592,-0.091183,0.004432,0.140489,-0.213617,0.168249,0.196034,-0.266507,-0.022611,-0.157900}0.032797
:{-0.082434,0.059265,0.093738,-0.069545,0.033752,0.162123,0.002862,0.156878,0.137988,-0.076005,-0.225337,0.101125,-0.065756,-0.148317,-0.005263,0.078793}0.081798
:{-0.054868,-0.190031,0.067777,0.019146,0.087228,0.098620,-0.094818,0.069744,0.152513,-0.038284,0.057824,-0.162144,0.073816,-0.167278,-0.078913,-0.080679}0.053110
:{0.091925,0.034238,0.001194,0.051912,-0.263921,0.148436,-0.023307,-0.173789,0.057005,0.159392,-0.102945,0.305053,0.104397,-0.123009,0.045987,-0.058826}0.071659
:{0.014932,0.085341,-0.098592,-0.015940,0.161204,0.106705,0.125878,-0.050374,0.089606,0.179632,0.193664,-0.066290,0.031769,-0.092566,0.101707,0.049946}0.053570

> tan hyperbolic
:{-0.000956,-0.167943,0.036506,-0.111256,0.025093,0.039144,0.076549,0.015082,0.075321}-0.258517

